[app/install/install_source_checksum]
version = 6.2.1
modtime = 1424103274.463444000

[views/transaction_performance]
version = 6.2.1
modtime = 1424148456.182978000
